$ANSIBLE_VAULT;1.1;AES256
32643964663165366330663266656538313066313636376336323732313531363137343463353632
6238383432343531626166396133343137616533343864300a313230616234653136623733633435
38313636373666303132396432643364613533306334343761646561383461356263306564646265
6166326638613963360a373364663839643438303635656237623264396635313335326262336461
62316439653136393139303666623864383239623037303365376362656531616432393961373032
30353739343432383334383766626332623934313466363330316337316235613365313362363062
66643835623238383235346131386432373362623933363534376331366263653233306163643631
66353038313737396265316663626137333531666234383839653062356664616561396464393063
32376330353564363234383236326363643866346435373735383065633234303433333933633135
62643061653365633739626134353366303863313230313263373538346262653233623865666133
35626437636531383837373736353533613135393830376439616334653862363930393564303764
39626236643235366264653863663234623633636335653765383733353230306231386235303564
66613735663232313833313730336532643965306364326466306130333863653936333434333736
66393963373233316432383762353636373937323633393134643031663239373931613364323164
35623966633937353834633035393331383734623037633335633161323638396435626661643238
35346536653737323439353833306238623566313930613537376436373833343930666339353835
30326230373565383037356363316462386132373038646561336334343763663565303366646532
31636163626337626462326230376136346330663233633061623930356335343961316165666261
30383966626466313738363366396435343664376234373836636136663263653663346136666634
31386334363631346231393661666531633464353137656638636164396530303739333633616439
65373966663961356563663763376463386566663137333562353238383936663365383233666664
36303266366234666135343935343035353335366135326432613966313665616335303331383930
65346338306565343831316664373765303665386635393432383637646437613338346366353638
66343961653639643065363832316239303038643738366161343632376436666434386532343666
64623531313538663962613564306535616130376436306561313062393437646136623038306131
61313136653539646463363834323630623936376238653737616339333930373730633065376164
62333431633762396161623661633165633233396464333533306336346263616136373530356364
65303834386362333731
