$ANSIBLE_VAULT;1.1;AES256
36323462363839313331643931333735633831393936623038323839646136303665383032383462
3733393934396564663734656130326339666565626261380a333065303335346535343162326562
65303535636464393261366264643133343130633937643732636536643739346534396130363035
3732393764356262340a646431313830383165303234643666646663346230383034333632613339
66663735646437323361643932323161393463383337313263626435623631313537306130646361
37633664376438326635353338353265666339323264306262316162346564393735343038373132
63663664343266393938393139623464386162663639363334623335663637353132366261356233
34386663343034383134346432643839353036633737343162616539383762306666366532626138
30343839613936356237383432373935373331663734636535663662396163653539373432323865
32363865393337373234326538643762373231306239313462303836666137386564616630336435
31323563316337356639656535656533383137386536313333396162366665303865663765326430
34323438373230303032393832343336353863316534653030346635653166303734613230643432
64613931306163313032623436643864613436643066646633326336363965376638343735643335
30363763613139323064613236636639653063373737383631633137646234346130393032386334
32393362363736303461363232303561623430373461653066346631383061666631356136633163
31653766386535663132343730613537343739666433323563346264633665643633313163326230
36356163653233306434633866636530356634393937333664613339356261396665333262613464
64653933313434616539346662653533383930396262383636623730393130666131383364333336
33353861663830393166643334386131353662626264376636326436343737363161323332636161
39643438623832343737663335356137316430326437353566656434633430373632353432383563
35623832366332653564393761636137653431613439643563623264653261363633633063343761
35353039396162646562373038643334663832666235663239333736626165636130633066663230
36326434663335313435316530663330616431383332376431363133663433663534666566626636
37656363633031303833303436343932623264633965373461386632373363303366613566366364
61633130316635303363353337373534316534393434336266663238643065336333663935643630
37336362663662376162626637333734343863376266336539613830666133623265616232306332
63336535363639333537616238653264666236666334386139363463303338656662623930653235
37613638376364343430383161613430383837396463613436636263633062363338633931316332
36383966316530313330373432343132396134663333663733363265613430336531626435663631
64333433666233373534326335336633643030653338656139326433306232396130623932363239
36316564313834383431353137323361643632656565383130623333613366323063396332323138
66636232656635366139626163666538316566316330373138336133663338353265666631363965
31336437373965313936653635376337366565616434376138316332353538333631643538306161
39303234333466323163363163623637613664306638366538326464623862376338323364626565
66343538386462366436343162623733313164376439306130333362663337346136363262313164
30636464373731333432623531353264656233623234633636616539346438313063383036613836
64613733396362666336323363336139326262653532613764373630653862326463383432663935
38626439306666323661663362613863373466383662333932353261326562326564373137356233
37326530386466663138623335356262326637366136633061373332613865663032323364333762
61353338303937353263653134653165663863623566383462323962636636636663353032323162
63363866386265353231643165636134613238373037396532613439343531393335356663346561
36636266343331373534303066666165333031343162396261353332386237333639613634343631
63643535616630303838346266613736336339333862306232623735303962366630313762313930
34366161616262663438633438323934346362383237386531373536336662313862653838613464
35333862663662353564336637373033626265336133396335653635636430623263643666353934
33633162613936343730356332643231663135336339373865653765616636303035636531383830
62633838383033366439333865366231366439396362346137656234393832613637616637343765
39386430313661333363626664356161663938326235343538366235616532306462303339626366
64633261356230313565376432363965623062363662393033643637666633666261376336393131
65643633306630636533653664303463383935383531306439656531613738396263366265643331
33646564383563653634643438376236623463306366666365386338323066336632616464373332
32656134623938313263383263363664306231633263306134613534643638303534303232303061
66333539343062383364636462326232356632323138663232396162646330323364306265623830
32326232653132646535623935623834316131316638633463393538633731613737613764376137
61333534666134373238306335386230626332343364616464346461373430633739353362636665
39363364616535326338643930306130656239353466343166646333306234336562306334343538
39323639656238316265653739383231363933386233636439616537353362666166656333333962
31663462323731663463336138303366353762613837616438613435626332623162623032653763
65333238346366623531363530393038306265376263643862653339616463343731396432623636
33616365303936633161376635393030653464336639353264313830393864376436663631366464
63393430373536663163636231653266383766663034643839653966323264333637613065623064
66373065653237633633383432323162303866386134633230643538666135613162663034633238
33346232616337373537343033306464633637343930336466316164393566323439613166383535
35343764343563386564636437393938653637376364303364393363383233616137626265666639
39376265326234333039633836653739636664383066363961646534623132376439343961323961
64623738396339653531323631666563393962396363643536383234303433656138643833353866
62656237386533316664636130316234366131666332646463313461306537313066386566653966
65353133646334343165393764373239666339356133393165303033613765653437313235393030
65336366656266643264643663636638333630663535356262336333633564383838643431353139
34326635353964653433636336623764363736356436353632353562376332646130383836333135
32656438666635346663656238373233653062336136363537656432363365393662326365333931
36393432626332633335333962383532666332336161353839373961356236633234646333306234
64343065306439306439396436653039366161383935326234336161333238623237353630313334
61326437313963646130646239323663393861633064316139383735363536353365396234386632
61346535316133366335643862383330373762666534393639396134313263343431646164303139
63336337313763323361393165376634643831613138393963316432316539616334653431663830
64346136396263343336616665396163646163383633336431353433616632623839316631333839
64666566313731646338323532386534363035383638666634363266313136666361343533373565
64383263643465336230623361633630366630303936623766366562653136306431316137623162
65313732383730366665366164633663346234373263666165326563363236616431356564623762
34666330323366303134383134366339356361356639373430336439313362666630356137313461
65623661323332393166306463366331376635396464656363623162663338653831333437633039
65346434633735323332303638643363363562343662386564323266393434653039626631636363
36313732653463316238666231356430636234346333306636336135643037376634373134356365
39393236316531333563626637633864666533613438366137363737653836346366393632353830
30393233613930383863376430373064653866623132353966366334393262336538386136336636
37353439623731386539333930656163343237396539393937663035383230633363663034383366
34623336663835303734383330306339333765623763653833326234643137393763326164623735
31633534663138353739653434323366383266343536343037666532383466346339306162383662
36393534343965373564616630316531306638353439343264623363653931363232653532663766
38373738653334653064373039613263373434633864346431643063353963313239353764383261
65613132643936623333363134656361346464343965623161666135383832336239306565343934
64393731326561376564313261663931656634316638653666636238333638623763623362633365
39346630613231663032623966383766653062383466373264313134633637313234333565613539
36343138366635346463346636363832653731356463333639643065303062386632343235643362
32636162353237313135356139353764316461663630336137363631613361663739626637656532
30366238643535643663383662383365666165646361316662653639623739346433303739343865
37663339326133386361393930643838323838643662613631623833336463666565396330336463
37356437346566623337623262393665323533646463613366346665306239363166363332626363
62396538636261663364396532393835666463663966326339646635613265653237356139613765
35326464653761316432383235383663623233393636393632393331306662376464373631313964
34316639326638613434363631653230393133636632646137616431633336333536366532633738
37396539383532626665363262396434313739303361613036653437613637656133366238636365
30386232313337636165386631316435663237333032326338646130383461646264626531353534
30623532383031396563333765363138303938666463353830393331336534306234626333613236
63666630643831633932303732326538336234383834636261376335336536366634346166633835
39326164376136343438383036633066383431316435343634656664663930333232643064316463
63653061333239613936653433326138313735633561306362316664383635616534613734666635
36373733663665333033306530353034343734333231646666346239353263666633323732623464
39393361633230346564323837353063303238383131643561636434343734653731663763346631
34366234383637366339326139386234653764323366373466373463376262316133383835323633
66313130353430323565346463343661626632363662336265653232306338643131326564666263
33313962363264363034393966646430346364646565666630333866313331613638343865626366
66366161393637363938623535643563653062346666623061326538333731356666613732636632
39393336623230363536313832363136663430636232633930366435303031313038653664383233
39636264666334323032343339303231346664653333356330313161333033343566613331663439
31613834353433323364313137383464323634303635663133373766346637333561313364643761
64353165373830653938663064346432383235613133633735313233616161316434663833653863
35366563656135643034363033306335366131653765303865636537323966616237393431383131
61623931353163626136313164303061646433386430326161313830656539356563336236343935
65636639353934366664343161336662323166393862363865323231623464653233356631303432
66313431656138353261656338613738343239346634343465356232643061366534306439326630
35343562636262356436393133323563346361383034366563356234373431613935343935663361
61346130346134306461623363396362666133376537656531616338616331666362393132643635
30623163616438643764363034626464356430633464303664313361333765386536303637633831
65373136356632326534646465326435653034616533373634366138623434653161383137643834
65653838333231613735313537306666356361346539393535393662366636643138393465343366
38313630613839636662333537653933636431613264623261363031333136356235303230363638
61306132346139333666646565633034326234353237663866646664653239343630306139373364
37646437306662643362303435396464306139316235623332306662363031323035373063393766
66396166633435343333336135323464356262303436353732636531303165366535336338346162
33333962363739633566643137356436656235626635366630623536626637373637663634353833
65643935633565343736303039343134616236373132353161613263373738323836363332643937
31353132613030616562316536613333323630633762393261363136336663613136663831653337
32303530616330383235326431643063393931303463646164616662373638393661613732323636
33333761386363336534333233356335663933633236316166653435653735336539313266376364
63623536383161646237643066663632646435313839363038323664343636646637323062666666
66616131326435376566613036653735623631643733656666353639636438376138316462353332
61666539376233326432333238353937373438313738366638613239356266653765616564646233
65636637353132346639616464653665386165303336613166323230623138306533346331363432
63363530663866396163346432323664303139373662666131313665646437356334356634323531
34633133616561366336333066306538363863306133656539636235376634633062376439363239
30623434656331396236656664353832373236386632363736623734663164393834363336643334
34656261373137623266343461353166616565353366356564623135613932323637303936663163
61326334326431346134323439646330356334313235363434616631376463363863313038326463
36643936613532633039323433616133383962613565393333326464313234626231656164636262
30326332336364376262363533366261616630623437613631313033303561336439303233326163
33646436393630383637663665356434623435636135356164663031323539653931663766323533
37336234313137306631656531643332623834373939316265323633373264336366383638353932
35653533336164303966396165306265636533353536333039376565323834316139386466653563
61653530636332343239363938383632636461336364653161306239333138653437663765666330
36356234366337313465383433626636313732363862313730366235653964323661316132396335
32623836623463313033616433336535363136613836666632303362363037643362373666316533
34666337626662376436373662643534343538386636313438303466643635623030323936376334
64336161653034313362623130313165353334323534646532373138363235323532633131393564
62366162393835303962363766336235336663643264623639303966353836656331643133303335
37646139613565303934613539626438346233313034393262343031396133333237616464643632
39623261313532636635376634626439616132646138646266666137633761633164306565643233
63306565393763613038373562363463303164383037663239366636356538646437396530383234
37623232313736333466393735633634346462366635656632666633383366333062613436626337
65393533383936663262366265356566663065366263656235393664353865346330386238656331
30633930306436366639363936623866383439396563323863326331333033393062373464323162
37356263653233336134353339396365333961343862346637613838336333613837323438346662
61303564663538646133316235373162616135353966643761306436633962613135666134376361
36346437656639333634386530366531346433306162656432643264666261626635616138313435
3364353930363265346634343061353564326337313435363632
