$ANSIBLE_VAULT;1.1;AES256
62356465363033386534376135326562373232376662366133326535356363313334633730306233
3639333536306538303962383137346630623763636364620a623033326131316439613232333361
38643639343966356638393135373663343335666132633738633833636166323362333132393136
3338373239393131340a326637393165373432356134396537386664636264353633386536663362
31613661393739663361323338376263333762646433653837623238336230313064316436373237
64373865306636313463383961653730353330666263633534613266373039646663376536356466
35323837353066653261353533386366366662613665313264383563333331393865653436323566
65323332336633623962656332633431636632663562356565356634396534303237653537623637
61353265643765646639323461396338633530323933383562343135366635303066633131656336
63386261356563353136366231343864353266656634666462383466386466363338393933616435
61353966383934393666366261633261356434663234356466336230336663393833623135373564
31366436373130343261363231326430326631323232646261653961356262623439386335393136
32313135663036666636336439326438306164363839353465636565383038663632313639646363
61393064613934323862366664366432353333663465363331663930376238626333323837663638
66646230326438626165326465353735656639313932613964323233346630643931663362313736
34386436373165663966376431653338656661633139376539383835336666333532663862666639
31643564363731393362633565353236323233633833336237616661633662323833646565323066
35323930343862633063656666383037373939643232326132656264326232623034663738636436
66663561326464663861363431333931313736393630373861356163333263363030393661303539
35336433616233393235386133363437313534323364303636386364653365613066393334363639
63363134343039633834366431313365376366393337343963303963653338663034636566383762
62613939643962633438363235656637313134376363346663383032353631613336643634303932
37633536653164363431383339336437343232356138323161363064653330666163323964343030
30336539336339343862636330643931356266323361396338323664386439336238363736323631
30393636623163306233336161386132396137666164356638383935383137633266643535313536
64313532613530663431363431366134663064346437326432396533643235316462626362396438
61386536373464353163646639333564633335363338636430386634373664323239663231343035
39383334626466346332623931313534373633366433303933393633656131373962653439376539
3632
